Issuer: junk_hundred_issuer, Correlation: 0.66
Expected Value: 1499916078.8334968
VaR90: 25463055.427417614
VaR995: 70724735.4591889
ES90: 39823001.418279216
ES995: 87834131.63379125
