Issuer: junk_hundred_issuer, Correlation: 0.33
Expected Value: 1499948225.2145107
VaR90: 23216559.134253755
VaR995: 45973144.2649818
ES90: 30591572.867245454
ES995: 54235889.467025965
