Issuer: IG_hundred_issuer, Correlation: 1
Expected Value: 1499983152.741703
VaR90: 1421937.7892611027
VaR995: 13644631.663715601
ES90: 5272709.650041662
ES995: 14296438.970537005
