Issuer: IG_hundred_issuer, Correlation: 0
Expected Value: 1499962051.5758686
VaR90: 642278.8948739528
VaR995: 1150454.452377593
ES90: 831627.3252622709
ES995: 1263956.0914823322
