Issuer: IG_hundred_issuer, Correlation: 0.33
Expected Value: 1499968307.9307542
VaR90: 2391512.3013272285
VaR995: 5215366.5181491375
ES90: 3295329.456503756
ES995: 6240550.335728366
