Issuer: IG_hundred_issuer, Correlation: 0.66
Expected Value: 1499951770.0060918
VaR90: 2467540.09173131
VaR995: 8769038.225839186
ES90: 4387626.312221152
ES995: 10526891.271766895
