Issuer: IG_single_issuer, Correlation: 0.66
Expected Value: 1499963782.6366982
VaR90: 1421937.7892627716
VaR995: 10700954.924730062
ES90: 5260714.840245965
ES995: 13754571.746573705
