Issuer: IG_single_issuer, Correlation: 1
Expected Value: 1499952046.4250073
VaR90: 1421937.7892627716
VaR995: 13644631.663712978
ES90: 5228962.228499137
ES995: 14301492.316800604
