Issuer: IG_single_issuer, Correlation: 0.33
Expected Value: 1499970642.9957988
VaR90: 1421937.7892627716
VaR995: 9116732.486967325
ES90: 5172864.477514772
ES995: 11257702.565299626
