Issuer: IG_single_issuer, Correlation: 0
Expected Value: 1499940042.7373657
VaR90: 1421937.7892627716
VaR995: 9116732.486967325
ES90: 4706260.686512784
ES995: 9933420.27348908
