Issuer: junk_single_issuer, Correlation: 0.33
Expected Value: 1499825662.140839
VaR90: 27917267.731006384
VaR995: 84812153.1328106
ES90: 42386762.80735073
ES995: 96128954.52438597
