Issuer: junk_single_issuer, Correlation: 1
Expected Value: 1499830170.528852
VaR90: 14398214.613223314
VaR995: 76919385.84885621
ES90: 51479023.16320493
ES995: 137188656.22350135
