Issuer: junk_hundred_issuer, Correlation: 0
Expected Value: 1499925649.9639814
VaR90: 5974395.81690545
VaR995: 10763776.091463162
ES90: 7788282.663542826
ES995: 11765404.653393004
