Issuer: junk_single_issuer, Correlation: 0.66
Expected Value: 1499867322.5500617
VaR90: 27917267.731006384
VaR995: 94891857.64291954
ES90: 46446865.25074161
ES995: 112995959.80341294
