Issuer: junk_hundred_issuer, Correlation: 0.33
Expected Value: 1499945885.0749156
VaR90: 23205966.300299786
VaR995: 45732893.191152774
ES90: 30514997.362761036
ES995: 53943199.49490148
