Issuer: junk_hundred_issuer, Correlation: 0.66
Expected Value: 1499912213.8596516
VaR90: 25510607.067792915
VaR995: 70622024.2481966
ES90: 39820385.70303578
ES995: 88082816.69810647
