Issuer: junk_single_issuer, Correlation: 0
Expected Value: 1499891647.066952
VaR90: 27917267.731006384
VaR995: 70656875.12130666
ES90: 38369943.65605005
ES995: 86024351.69439992
