Issuer: junk_hundred_issuer, Correlation: 1
Expected Value: 1500092457.3256888
VaR90: 14398214.613232136
VaR995: 76919385.84885311
ES90: 51405289.26163329
ES995: 137431513.59608656
